4.9918e-01   2.4975e-04   4.1625e-09   3.2957e-07        0e+00        0e+00  -1.6377e-03        0e+00        0e+00  -4.9918e-01        0e+00  -4.9918e-03  -3.2957e-07        0e+00  -3.2957e-09        0e+00        0e+00        0e+00
   2.4975e-04   1.0050e+01   8.3250e-07        0e+00        0e+00        0e+00        0e+00        0e+00        0e+00  -1.0000e-01  -1.0000e+01  -5.0000e-04        0e+00        0e+00        0e+00        0e+00        0e+00        0e+00
   4.1625e-09   8.3250e-07   5.0000e+01        0e+00        0e+00        0e+00        0e+00        0e+00        0e+00        0e+00        0e+00  -5.0000e+01        0e+00        0e+00        0e+00        0e+00        0e+00        0e+00
   3.2957e-07        0e+00        0e+00   4.9918e-01   2.4975e-04   4.1625e-09  -1.6377e-03        0e+00        0e+00  -3.2957e-07        0e+00  -3.2957e-09  -4.9918e-01        0e+00  -4.9918e-03        0e+00        0e+00        0e+00
        0e+00        0e+00        0e+00   2.4975e-04   1.0050e+01   8.3250e-07        0e+00        0e+00        0e+00        0e+00        0e+00        0e+00  -1.0000e-01  -1.0000e+01  -5.0000e-04        0e+00        0e+00        0e+00
        0e+00        0e+00        0e+00   4.1625e-09   8.3250e-07   5.0000e+01        0e+00        0e+00        0e+00        0e+00        0e+00        0e+00        0e+00        0e+00  -5.0000e+01        0e+00        0e+00        0e+00
  -1.6377e-03        0e+00        0e+00  -1.6377e-03        0e+00        0e+00   8.1385e+00   2.4947e-04   4.1578e-09   1.6377e-03        0e+00   1.6377e-05   1.6377e-03        0e+00   1.6377e-05        0e+00        0e+00        0e+00
        0e+00        0e+00        0e+00        0e+00        0e+00        0e+00   2.4947e-04   5.0050e+01   8.3157e-07        0e+00        0e+00        0e+00        0e+00        0e+00        0e+00        0e+00        0e+00        0e+00
        0e+00        0e+00        0e+00        0e+00        0e+00        0e+00   4.1578e-09   8.3157e-07   5.0000e+01        0e+00        0e+00        0e+00        0e+00        0e+00        0e+00        0e+00        0e+00        0e+00
  -4.9918e-01  -1.0000e-01        0e+00  -3.2957e-07        0e+00        0e+00   1.6377e-03        0e+00        0e+00   5.0018e-01   1.0000e-01   4.9968e-03   3.2957e-07        0e+00   3.2957e-09        0e+00        0e+00        0e+00
        0e+00  -1.0000e+01        0e+00        0e+00        0e+00        0e+00        0e+00        0e+00        0e+00   1.0000e-01   1.0000e+01   5.0000e-04        0e+00        0e+00        0e+00        0e+00        0e+00        0e+00
  -4.9918e-03  -5.0000e-04  -5.0000e+01  -3.2957e-09        0e+00        0e+00   1.6377e-05        0e+00        0e+00   4.9968e-03   5.0000e-04   5.0000e+01   3.2957e-09        0e+00   3.2957e-11        0e+00        0e+00        0e+00
  -3.2957e-07        0e+00        0e+00  -4.9918e-01  -1.0000e-01        0e+00   1.6377e-03        0e+00        0e+00   3.2957e-07        0e+00   3.2957e-09   5.0018e-01   1.0000e-01   4.9968e-03        0e+00        0e+00        0e+00
        0e+00        0e+00        0e+00        0e+00  -1.0000e+01        0e+00        0e+00        0e+00        0e+00        0e+00        0e+00        0e+00   1.0000e-01   1.0000e+01   5.0000e-04        0e+00        0e+00        0e+00
  -3.2957e-09        0e+00        0e+00  -4.9918e-03  -5.0000e-04  -5.0000e+01   1.6377e-05        0e+00        0e+00   3.2957e-09        0e+00   3.2957e-11   4.9968e-03   5.0000e-04   5.0000e+01        0e+00        0e+00        0e+00
        0e+00        0e+00        0e+00        0e+00        0e+00        0e+00        0e+00        0e+00        0e+00        0e+00        0e+00        0e+00        0e+00        0e+00        0e+00        0e+00        0e+00        0e+00
        0e+00        0e+00        0e+00        0e+00        0e+00        0e+00        0e+00        0e+00        0e+00        0e+00        0e+00        0e+00        0e+00        0e+00        0e+00        0e+00        0e+00        0e+00
        0e+00        0e+00        0e+00        0e+00        0e+00        0e+00        0e+00        0e+00        0e+00        0e+00        0e+00        0e+00        0e+00        0e+00        0e+00        0e+00        0e+00        0e+00

error: inv_sympd(): matrix appears to be singular

